instructions - opcode immediate isEq
                regwen bsel flwen alusel ldsel stsel pcsel
                calsel retsel haltsel 
add - 
00000 0 0 - 0 - 1 0 0 0000 0 0 0 0 0 0 - 1000 0000 0000 0000
00000 0 1 - 1 - 1 0 0 0000 0 0 0 0 0 0 - 1000 0000 0000 0000 
00000 1 0 - 2 - 1 1 0 0000 0 0 0 0 0 0 - 1100 0000 0000 0000
00000 1 1 - 3 - 1 1 0 0000 0 0 0 0 0 0 - 1100 0000 0000 0000
sub -
00001 0 0 - 4 - 1 0 0 0001 0 0 0 0 0 0 - 1000 0010 0000 0000
00001 0 1 - 5 - 1 0 0 0001 0 0 0 0 0 0 - 1000 0010 0000 0000
00001 1 0 - 6 - 1 1 0 0001 0 0 0 0 0 0 - 1100 0010 0000 0000
00001 1 1 - 7 - 1 1 0 0001 0 0 0 0 0 0 - 1100 0010 0000 0000
cmp -
00101 0 0 - 14 - 0 0 1 0000 0 0 0 0 0 0 - 0010 0000 0000 0000
00101 0 1 - 15 - 0 0 1 0000 0 0 0 0 0 0 - 0010 0000 0000 0000
00101 1 0 - 16 - 0 1 1 0000 0 0 0 0 0 0 - 0110 0000 0000 0000
00101 1 1 - 17 - 0 1 1 0000 0 0 0 0 0 0 - 0110 0000 0000 0000
ld -
01110 1 0 - 3a - 1 1 0 0000 1 0 0 0 0 0 - 1100 0001 0000 0000
01110 1 1 - 3b - 1 1 0 0000 1 0 0 0 0 0 - 1100 0001 0000 0000
st -
01111 1 0 - 3e - 0 1 0 0000 0 1 0 0 0 0 - 0100 0000 1000 0000
01111 1 1 - 3f - 0 1 0 0000 0 1 0 0 0 0 - 0100 0000 1000 0000
beq -
10000 1 0 - 42 - 0 0 0 0000 0 0 0 0 0 0 - 0100 0000 0000 0000 
10000 1 1 - 43 - 0 1 0 0000 0 0 1 0 0 0 - 0100 0000 0100 0000
cal -
10011 1 0 - 4e - 0 1 0 0000 0 0 0 1 0 0 - 0100 0000 0110 0000
10011 1 1 - 4f - 0 1 0 0000 0 0 0 1 0 0 - 0100 0000 0110 0000
ret -
10100 0 0 - 50 - 0 0 0 0000 0 0 0 0 1 0 - 0000 0000 0001 0000
10100 0 1 - 51 - 0 0 0 0000 0 0 0 0 1 0 - 0000 0000 0001 0000 
nop - 
01101 0 0 - 34 - 0 0 0 0000 0 0 0 0 0 0 - 0000 0000 0000 0000
01101 0 1 - 35 - 0 0 0 0000 0 0 0 0 0 0 - 0000 0000 0000 0000
halt -
11111 0 0 - 7c - 0 0 0 0000 0 0 0 0 0 1 - 0000 0000 0000 1000
11111 0 1 - 7d - 0 0 0 0000 0 0 0 0 0 1 - 0000 0000 0000 1000
*/
and - 
00110 0 0 - 18 - 1 0 0 0010 0 0 0 0 0 0 - 1000 0100 0000 0000 
00110 0 1 - 19 - 1 0 0 0010 0 0 0 0 0 0 - 1000 0100 0000 0000
00110 1 0 - 1a - 1 1 0 0010 0 0 0 0 0 0 - 1100 0100 0000 0000
00110 1 1 - 1b - 1 1 0 0010 0 0 0 0 0 0 - 1100 0100 0000 0000
or - 
00111 0 0 - 1c - 1 0 0 0011 0 0 0 0 0 0 - 1000 0110 0000 0000
00111 0 1 - 1d - 1 0 0 0011 0 0 0 0 0 0 - 1000 0110 0000 0000
00111 1 0 - 1e - 1 1 0 0011 0 0 0 0 0 0 - 1100 0110 0000 0000
00111 1 1 - 1f - 1 1 0 0011 0 0 0 0 0 0 - 1100 0110 0000 0000
